0.048336	-2.53E-05	-0.00586382	-0.00067025	0.000982227	0.00113741
-2.53E-05	6.56E-08	1.73E-06	-1.02E-05	-8.62E-06	-1.26E-08
-0.00586382	1.73E-06	0.0161633	-0.00387314	-0.00480254	-0.00205562
-0.00067025	-1.02E-05	-0.00387314	0.0167991	-0.00143006	0.000837344
0.000982227	-8.62E-06	-0.00480254	-0.00143006	0.00579225	0.000125345
0.00113741	-1.26E-08	-0.00205562	0.000837344	0.000125345	0.00071131
