0.0554462	-4.12E-05	-0.00563073	0.00348059	0.00149728	5.06E-06	0.000925393
-4.12E-05	1.09E-07	1.28E-06	-2.30E-05	-9.92E-06	-1.37E-08	1.46E-07
-0.00563073	1.28E-06	0.016688	-0.00355477	-0.00488128	1.06E-07	-0.00218244
0.00348059	-2.30E-05	-0.00355477	0.0209857	-0.00115347	4.07E-06	0.000770724
0.00149728	-9.92E-06	-0.00488128	-0.00115347	0.00588462	4.28E-07	9.25E-05
5.06E-06	-1.37E-08	1.06E-07	4.07E-06	4.28E-07	4.38E-09	-4.25E-08
0.000925393	1.46E-07	-0.00218244	0.000770724	9.25E-05	-4.25E-08	0.000815922
